((("password" .
   [0 0 0 0 0 1 0 0])
  ("param" .
   [1 0 0 0 0])
  ("bodyParser" .
   [1 0 0 0 0 0 0 0 0 0])
  ("morgan" .
   [1 0 0 0 0 0])
  ("express" .
   [1 0 0 0 0 0 0])
  ("jade-mode" .
   [0 0 0 0 1 0 0 0 1])
  ("env" .
   [4 0 0])
  ("process" .
   [3 0 0 0 0 1 0])
  ("mysql" .
   [1 0 0 0 0])
  ("require" .
   [4 0 0 0 0 0 0])
  ("__dirname" .
   [0 0 0 0 0 1 0 0 0])
  ("Express" .
   [0 0 0 1 0 0 0])
  ("app" .
   [7 0 0])
  ("charset" .
   [0 0 0 0 1 0 0])
  ("Change" .
   [1 0 0 0 0 0])
  ("meta" .
   [2 0 0 1])
  ("head" .
   [2 0 0 0])
  ("href" .
   [2 0 0 0])
  ("a" .
   [1])
  ("Zaim" .
   [1 0 0 0])
  ("de" .
   [1 0])
  ("Button" .
   [1 0 0 0 0 0])
  ("PATH" .
   [0 0 1 0])
  ("export" .
   [3 0 0 0 0 0])
  ("add-to-list" .
   [0 0 0 0 0 0 0 1 0 0 1])
  ("auto-mode-alist" .
   [0 0 0 0 0 0 0 0 1 0 0 0 0 0 1])
  ("web-mode" .
   [1 0 0 0 0 0 0 0])
  ("var" .
   [8 0 0])
  ("twitter" .
   [0 0 0 1 0 0 0])
  ("access_token_key" .
   [0 0 0 1 0 0 0 0 0 0 0 0 0 0 0 0])
  ("bot" .
   [1 0 0])
  ("data" .
   [1 0 0 0])
  ("collapse" .
   [0 0 0 0 0 0 0 1])
  ("padding" .
   [0 0 0 1 0 0 0])
  ("pool" .
   [1 0 0 0])
  ("res" .
   [7 0 0])
  ("render" .
   [3 0 0 0 0 0])
  ("title" .
   [4 0 0 0 0])
  ("err" .
   [4 0 0])
  ("next" .
   [2 0 0 0])
  ("use" .
   [3 0 0])
  ("function" .
   [1 0 0 0 1 0 0 0])
  ("req" .
   [5 0 0])
  ("username" .
   [3 0 0 0 2 0 2 0])
  ("html" .
   [2 0 0 0])
  ("charset=" .
   [0 0 0 0 0 0 0 1])
  ("utf-8" .
   [0 0 0 1 0])
  ("of" .
   [2 0])
  ("style" .
   [1 0 0 0 0])
  ("type" .
   [1 0 0 0])
  ("text" .
   [1 0 0 0])
  ("css" .
   [3 0 0])
  ("body" .
   [0 0 1 0])
  ("dulkappa" .
   [4 0 0 0 0 0 0 0])
  ("net" .
   [2 0 0])
  ("link" .
   [1 0 0 0])
  ("bootstrap" .
   [0 0 0 0 1 0 0 0 0])
  ("min" .
   [1 0 0])
  ("stylesheet" .
   [0 0 0 0 0 0 0 1 0 0])
  ("navbar" .
   [0 0 0 1 0 1])
  ("class" .
   [4 0 0 0 0])
  ("div" .
   [2 0 0])
  ("role" .
   [1 0 0 0])
  ("main" .
   [1 0 0 0])
  ("About" .
   [1 0 0 0 0])
  ("C" .
   [1])
  ("is" .
   [1 0])
  ("in" .
   [1 0])
  ("marsh" .
   [1 0 0 0 0])))
